3360405
3360410
3360403
3860139
3360422
3421515
4009852
3421520
3642684
4009862
2406803
3642673
3360408
2406801
3642680
3360450
3360409
3869245
3445790
3411389
3360404
3411360
3360452
3421519
2527589
2440960
4009863
3360420
3973853
3411376
3642666
3057961
2377380
2406818
3293730
2527592
4009866
3595613
3360411
3662860
3360423
2527591
3973866
2440957
2377553
3441861
3642669
3411379
3778553
3894731
3441863
3696149
2854370
3421521
3595614
3934756
3873655
2953587
2377367
4009861
2486837
3421513
3060343
3684497
3421516
2599306
3979750
3642676
3089825
3860140
3444028
3642679
2599324
3445796
2377395
2373868
4009868
3595612
3841558
3421522
3060348
3028052
3471334
2806486
2362343
3229340
3193646
2806479
2599323
3244634
2440954
3948081
3089826
2377390
2406819
2359666
3869242
2861163
3595623
2359667
2406786
2440962
3318465
3268958
2362342
3881661
3934746
3642683
3089131
3186976
4009859
2974644
2363759
3142987
3445791
3823692
3894740
2821955
2359670
2377388
2362340
2363754
3411386
3969123
3870412
2406797
2599320
2452993
3973875
3908401
2440959
3028062
4050082
3982614
3638643
3089822
3619384
3351289
2377353
2899679
3869244
2527590
2882857
3973846
3411357
3374961
3372182
3382246
3870744
3411368
3642667
3411374
3229341
4009855
2486833
3444030
2477456
3060352
3759049
3642682
3595280
3393685
3869246
2854328
2775915
3891348
3938664
2362338
2940227
2363765
2372727
3360445
3852853
2406792
3881672
3881679
3411337
2777718
3229344
3619373
3778554
3619381
3393690
3444014
3642672
2406816
4027594
3332688
3351292
3776287
2818532
3352983
3142985
2363766
2854335
3178971
2953588
2643593
3008489
3823333
3973865
2854339
3860146
2377377
3351311
3672091
3642659
2335272
2701074
2829217
3152477
2443452
3642671
3454852
2890438
3973859
2377385
2363763
3852855
3619367
3759043
3411377
2777719
2440966
2709839
2377355
4038420
3759037
3411365
3786901
2377384
2363767
3028586
2403232
3845061
3852857
2527593
3696188
3089823
3357921
3604352
3186983
3945520
3642677
3990521
2890470
3374612
2377397
3880640
2974656
4009873
4009858
3934757
2406809
2691712
2362337
2599322
3973872
2403234
2619280
2777750
2974647
3674949
3332687
3028047
3411371
3178965
3759048
3759029
3186985
3028041
2882853
3674953
2648716
3057960
3820858
3411402
2953591
3393689
2994657
3752265
3595624
3920871
2411176
2719624
3687455
3060344
2813821
3852864
3411407
3839914
3028076
3942456
3028037
2953582
3028578
3152479
3268956
3046135
4007168
2691686
3696152
3938653
2377369
3028087
3028028
3844412
3969124
2443466
3445799
3556825
2527585
3411396
2806482
3353060
3229347
2648727
2814257
3437529
3318305
4074842
3445802
2411179
3696169
3595595
3028039
3841406
2447442
4009864
3360446
2443465
3595597
2541777
2486986
3057967
2974646
3360413
4050084
3142980
3759053
3619369
3934731
2766223
3595622
3852848
2982097
3869243
3638625
3886768
3293735
2356136
3145156
3393697
2773363
3604347
3357669
3619360
2953585
2377350
3293751
3752267
2974650
2766226
3028029
2326465
3332418
3293748
3411392
2363740
2377363
3234857
2850915
3028096
3823327
3445560
2406822
3028023
3830999
3237876
3981343
3178986
3869159
3934741
2418735
4038424
3677522
2829973
3706554
3268962
2806480
3089124
2403233
3318464
3028587
3702550
2599165
2813863
3908697
3891345
3979749
3028044
2406805
2772418
3057962
2406814
3920874
3353059
2363761
2861153
3844861
3752266
3759044
3351312
2821953
3142979
3839916
3234865
3393683
2377392
2452992
3553561
3938680
3595615
3852865
3870393
3445801
2766228
3411356
2406790
4015730
3813867
2890436
3360421
3028580
2982086
3674700
3873671
4028786
3890134
3178998
3604336
3353005
3870413
2435006
3374611
3186984
2377389
4027605
2701075
3353018
3028064
2377570
3393686
3046124
3403121
3393693
3126548
3089827
3234898
3445558
3456670
3411359
2768358
2435018
3142993
3759046
3374608
2777744
3981356
3031538
2701076
2440965
3734385
3089122
3458557
3818746
3028038
2854369
3027258
3443194
3007754
3844415
2403448
3403962
2377343
2890448
3854962
3237892
3894739
3089829
3089128
3861392
2775908
3852896
3437539
3527669
3208260
3837260
3973842
2486972
4009851
3089820
3535761
3046085
3028110
2818577
3837264
3237849
3028548
3942866
3411399
3894754
3576732
2363270
3218591
2443461
3677518
3229337
3766805
2806487
3234882
3756596
3056920
3028061
3752261
3089123
2377357
3734390
3934738
3332760
3973877
2854336
3154290
3736181
2714559
3268969
3870647
3944704
4038417
3444021
3657020
2837261
3031582
3028046
3374610
2435007
2861569
2447445
2436013
3973870
2363752
3089138
2837263
3938665
2486975
3662855
2377370
2806484
3213016
3849083
3445547
3411358
2974634
3908691
3908657
3604345
3458556
2406785
2599319
3393681
3142996
3674954
3456668
3844411
3293728
2373858
2370943
2974649
3595616
2452423
4007178
2433669
3203860
2406817
3411330
3154284
3684493
3934758
3244627
2326464
2363571
3485912
3841840
2363568
2373862
3662858
3849053
3152480
3595608
2766227
3437512
2648720
3870750
3027286
2362347
3973855
4038430
3734388
3839915
3122807
3766847
2363764
3374957
3638611
3028085
2320744
2648687
2861114
2377356
2974654
2591878
3244649
3948084
2953592
3456735
2328860
3007751
3852858
3028054
3352985
2635772
3444024
3060337
2488364
3894728
3411411
2940226
3142981
2881877
3852854
2945771
2390940
3411383
3873657
3441868
3944696
3535763
3619383
2882862
2882858
2377375
2994661
3443191
2447441
3437550
3638608
3604337
3353057
3526943
3353020
3621039
3891350
3454850
3237880
2377352
4038429
3934755
3849054
2635751
3283040
3445551
2974648
3518419
3973843
3920851
2682275
2488278
2945816
3413123
3452907
3759039
2945863
3708555
4032049
3143765
2508059
2818533
3268955
2775916
3613276
2886620
3353031
3353001
2486987
2356137
2854383
2974659
2940206
3674950
2974636
3553555
3759034
3657260
3944600
3657013
3028080
3159353
3188832
3579154
3981350
3411373
3963465
2372871
3411344
2458992
3823314
2486829
3852867
3980145
2941856
3724525
2882851
3372181
2854343
3890135
3749209
3645616
2620846
3282995
3444108
3737763
3268973
2443467
3873673
3973864
3870762
2766221
2508926
4045599
3244636
2486836
3353065
2818571
3881670
3822180
3934753
2339164
3962407
3079179
3526859
2435009
3411362
2854364
2452996
3293737
3920876
2527759
2829235
3778555
2377371
3841403
2435020
4038439
3696168
3894681
3852860
3526844
3186972
3057968
3057966
3880636
3869049
3896035
3411369
3404674
3752264
3803005
3154291
2406821
3823322
3604349
2434592
3445554
3830491
2775042
3920868
3293741
3896050
3657258
3420459
3437521
2886626
2377376
2564004
2945780
3411381
2377445
2377379
3420482
3702548
2406820
3229349
3894674
3702572
2861562
2787959
2327298
3028051
3702576
3382236
3382220
3772675
3556829
3028086
3756593
3696157
3619361
3605276
3056917
3860149
3894718
3604331
3938637
2854379
3404676
3411346
3352986
2417446
2882855
2648709
3353079
4038427
2691669
2980484
2648718
3028040
3397620
2390219
3293727
3778546
3752262
2406813
3382239
3186981
3234970
3778538
3894741
3028065
3527728
2719627
3778552
3445550
3353021
3908667
2443472
2640939
3414741
4038426
2878441
3619356
3756602
3268959
3938561
2589528
3393687
3293731
2416683
2766230
3778547
3830492
4009872
3752263
3353056
3382252
2377402
3774909
3007756
2326471
3028103
2411174
3944603
2806481
2768362
3357900
2351592
3830998
3766834
2458985
3244635
2902455
3411404
2818561
3718579
2443469
3222152
3145159
3430108
3270381
3861375
2945758
3734384
2486996
3896036
2669980
3445562
3444012
3684496
3706538
3060347
2447432
3089126
3028107
3078777
3456768
3445561
3604356
3167194
2373874
2488291
3849005
3582186
3471335
2363833
4022155
3444097
3948057
3318304
3894777
2451326
3382282
3430089
3444013
3178980
3894782
2373859
3229339
3576730
3028030
3844417
2635744
3027237
2443471
2527587
3353073
2886614
2591884
2967999
2432570
3466717
2477452
3772665
3852850
2406807
2766803
3841567
3744718
2818573
3353022
2854368
3226076
3090020
3724534
3028083
3938686
3332420
3154295
3527705
3318466
3411341
3353011
3293865
3908660
2854330
3873667
2320751
2406794
3299353
3744724
3152478
2328850
3028099
3834415
3841404
3420461
3154265
2434444
3576726
3437532
3664840
2458980
3645625
2440953
2818582
2866696
3046151
2403237
3881676
2660098
2363281
3734389
3870667
3154274
3444090
3293744
3894735
2435997
3028189
3353064
2427806
3046121
3766841
2406798
3844413
3057958
2447430
3609676
3031638
3455395
3822697
2434578
2768381
2488363
3908381
2497178
3076215
2890479
3740372
3934739
3674955
3156590
3855078
2439103
3028050
2790077
2974660
3091354
3841559
3215580
3376998
2527775
2806470
3527668
2982324
3751632
3908685
3575138
2486989
3770373
3761727
3028066
3936080
4022127
3687454
2974628
3382221
3894737
3352992
3360449
3869035
3927273
3619387
3934750
3890206
3604355
3332695
3735811
3089828
2452995
2648705
3512960
2709837
2881853
3318460
3474375
3153588
2451337
3863200
2451596
3352962
3393756
3028544
2527763
3846784
3397621
2781192
2406784
3031543
3393758
3778569
3513577
4047166
3766838
3979752
3806226
2434445
2888503
3471331
3374640
2362376
3860153
2440958
3944589
3410400
2792878
3007755
3318449
3704622
3894756
3031594
3152475
3844414
3293726
2663456
4050168
3008485
3881659
3456665
3268946
3806219
3581943
4038437
2398823
3028071
3908692
3617378
3944693
3060341
2356134
2599309
3237886
3771018
3908400
3027238
3334052
3692667
3028088
2340622
3353062
3028089
3934744
2377342
2945765
3410399
2405471
2377360
3332359
2440956
2691692
3696153
3513576
2714687
3352963
3178996
3046522
2390199
2324439
3638648
2523815
2818548
2488336
3159398
3761726
2443470
3411395
2776430
3844860
3653179
2486981
3353041
3028026
3351310
3896051
3234951
2527774
3402519
3771017
3662867
3411355
3235130
2829986
3706529
2813869
3456762
2790088
3944592
4050077
3121315
2488328
2818572
3556831
3908698
3008486
3357674
2398844
3677523
2327706
4015711
2324093
2350511
2610963
3938679
2854359
2709817
3028453
3621046
2377346
2363567
3619385
2491761
3293847
3774908
2792191
2406808
2363783
3145158
3814086
2854366
3526835
2451598
3950861
2982080
2452981
3195828
3234907
3381969
3973862
2435994
3259793
3973849
3840634
3642678
3924224
3920875
3057959
2363771
2810776
3774910
2434769
2370959
2377362
3595625
2477448
3759036
3159368
3429625
3454856
3458572
3186978
3796339
2882142
3028022
3615869
3834425
2487563
3671982
3938652
3393692
3908371
3538983
3234901
3860145
3850275
2571517
3226079
2377372
2324440
2488366
3740469
2897204
3766835
3617357
2434595
2340621
3595604
3090055
2320754
3834508
2377351
2818568
2691715
3830996
3908703
3374955
2377403
3186980
4007175
2358741
3944698
3186991
2814252
3908706
3823315
2886609
2881885
3028024
3540239
3056922
4053071
3031542
3823696
3489015
2719626
3234888
3814082
3662511
3060351
3304769
3008488
2439124
2363564
2452982
3944709
3221922
3244661
3742632
3908666
3759027
3677521
2434594
2950410
3127760
2339171
3353069
2982084
2357858
3246435
3090046
2648736
2398822
3839652
2573336
3904525
3619371
2373923
2775910
3715295
3553554
3411335
3881664
2806475
3129968
3638635
3007752
2377358
3920870
2432250
3015537
3948077
3834414
3514690
3526842
3028043
2994707
3896040
3604338
3234926
3656236
4007170
3617376
2452986
3894730
3234962
2792195
3815508
3293783
3122786
2327285
3234956
2377534
3653191
3852882
2829993
2327295
3539014
4038435
3839637
3411405
3535799
4015736
2615388
3353076
3761733
2837264
3244640
3355744
4027598
3908705
3894733
3028042
3320131
2447443
3655589
3090018
3028105
3908677
3553550
3122793
3393695
3684491
2648721
2648724
2434583
3456958
3742635
3595610
2377347
2796606
3981339
3658471
2403223
2327297
3441864
3766804
3853614
2861023
3513555
2886608
3027249
3881669
2899376
2620850
3248912
2982331
3445788
2940237
2452421
2377409
2486820
4038436
3445556
3894736
3332419
3854957
3028055
3577648
3352982
3332172
3908397
2447439
3849050
2611894
3621047
3353009
3456753
3280163
3393673
2982101
3422863
2390067
2447431
2760424
3010544
2810778
3382243
2980174
3186977
2508659
3595609
2854340
2709814
4027596
2691684
2599321
2897200
2363255
4009854
2363823
2748383
3411347
3938564
2691680
3864053
3411333
2356132
3696154
2672099
3908702
3927242
3908684
3185501
3609706
2599188
3604344
3656237
3841568
3823332
4015714
2648710
2599318
3352978
3577645
3444022
3744976
2635747
3156594
3028454
3239787
3920878
3981351
2615403
2766220
3351287
3046126
2406804
3411385
3742813
3357901
2527588
2599308
3704275
2363799
3471337
2330059
3604343
3957810
3028584
2539343
3564247
3351305
3411332
3657006
3957796
3922046
3869041
2356117
3869187
3488997
3908694
2439134
3880644
2773359
3007749
3010569
3456767
2723849
4027607
3374946
3028098
2398838
3339622
3057964
3992588
3961031
2945787
3374944
3896006
3849046
3028543
3986659
2495219
3948080
3997438
3351297
2818534
3234879
3213966
3335002
3179577
3908740
3237839
3456742
2363753
2890434
3983622
3514689
3823579
2974658
2681857
4027592
2818554
3043683
3454860
3535798
3714494
3203859
3938663
3820636
3057963
3577644
2339168
3154270
3283092
2491755
2889127
3718580
3152055
2648715
3751643
2748355
3702964
2940216
2487576
3451838
2691709
2370960
3437525
2953580
2377366
2488297
2377410
2578440
2615402
2640926
3595268
2508650
2916723
2458929
3046560
3734671
3517909
2958569
3091347
3844993
3539759
2390713
2748387
3445785
3066836
3824517
3766652
3176223
3579175
3564220
3332350
3973841
3881681
3938597
3043675
2377396
2643594
3887219
2566460
3702557
3352998
2974638
3239780
3944701
3761731
3604342
2534418
3896054
3823330
3839628
2792924
2657386
3015536
3834417
3528262
3696151
3456676
3229358
3820860
3315674
3938669
3687766
3293862
3389369
3268948
3027262
2368639
3841569
3870630
2403220
3894751
3653148
3927241
2322863
2564387
2377408
2377365
3880633
3734437
3855897
2583031
3052339
3178973
3696146
3234966
3894682
3234860
3404098
3706522
3355810
2447446
3353015
4027593
3471340
3028049
2766799
2356130
2527770
2818543
2458991
3841586
3178995
2974643
3445798
2945770
3677530
3538912
2390196
3627325
3043267
3007753
2451606
2591877
3159363
3840333
4051243
2854345
3621063
3937170
2599160
2941852
2994701
3514691
3716858
3674694
3456766
2945764
2508682
3156593
3034739
3869171
2941844
3657000
3577643
2766266
3090621
3674705
3411408
3154271
2599170
3766830
3393672
2452979
3854967
2829236
2435013
2322866
3617339
3178977
2363570
3443193
3741819
3178964
2615387
2829204
2406802
2516455
3353078
3578168
3944597
2434794
2776503
3538957
3243549
3028093
3443196
3711270
3942909
4023490
3311313
3502226
3028550
3268980
3489014
3239815
2357862
2902213
2709786
3527671
2403218
3841553
2363793
3770365
3444088
3548365
3988462
3870620
3674745
3540243
2359668
2635753
3268949
3126535
3670782
3010577
3944694
2439104
2974657
3352989
3844857
3713423
3706517
3852851
2406788
3734448
3839633
3178967
3671970
2583087
3741781
3159416
2373863
3091352
3766833
3028115
2940204
3528590
3852871
3676263
3402514
3235137
2377382
2439005
2806478
3091328
3527666
3888642
3458560
3645606
3056915
3869192
2945868
3973869
3469690
3851078
3046094
3411380
3321528
3704281
3908701
2330060
2488384
3179581
3154282
3234921
2701073
3234958
3210922
2949120
2792916
3403608
2854362
3046145
3025762
2888880
3908665
2563851
3528573
3489553
3389362
2953583
3010556
3901070
3475802
3538986
3793985
3944596
2829220
2615394
3178994
3938438
3179591
3796341
3759021
2752879
2945773
3813844
3257234
2363762
3027251
3159345
2806485
4022149
3159476
3159399
3744711
2635770
3442155
3647643
3452525
3796343
3604333
3028073
3605277
3759040
3742629
2837240
3010559
2583088
3360443
3389306
3870608
2377381
2940221
3456746
2945776
2403447
3355739
3089125
3844856
3454857
3937171
3901072
3512884
2854355
3234861
3870736
3920866
3028539
3046108
2691691
3852885
3766831
3677520
2890447
3564225
3353012
2365927
2969902
3430091
2994665
3355778
3475801
3894766
3411391
2833503
3868438
3785429
3776503
2363745
3818601
2648729
3918508
3526854
3938657
3526857
3411413
2792939
2833312
2837257
3852852
4027600
3411394
3537183
2487559
3873659
3099017
2504345
3226142
2929245
2599176
3010552
2902450
2766802
3707509
3902812
3091345
3159394
3154296
3234924
2766231
3863459
3402509
3526895
2426433
3451887
3028529
3870397
2508742
3556837
3642668
2356121
3888638
3089110
3293782
3981360
3463014
2362339
2567616
2377407
3410401
3513579
3244650
3179569
2982082
3270377
3577646
3458553
2945762
3852835
3355769
3672088
3982618
3863190
2440963
3489017
2377393
2701072
3982600
2350523
3244628
3604332
3352956
3333326
3718577
3834419
3371382
3185470
3849001
3944571
2945789
2845138
3759032
3553560
3321547
2719639
3403112
3619353
2324453
2813729
2669981
3389300
2549615
3090556
3780729
2953571
3982929
3235141
2897186
3823323
2818556
2660157
3539018
3028081
3060350
3353051
2828583
2982087
2663435
2945768
3581917
2861137
2861141
3713424
3353016
3471342
2358740
2615405
3052024
3235135
3352976
3645604
2447882
3538953
2766265
3820625
3526863
2994705
3908750
3942600
2599166
3444031
3259291
3863465
2904589
3553556
3657066
2322868
3734387
2372729
3617338
2821971
2497171
2829974
2765889
3241099
3355785
2447894
3028027
3442720
3944599
3982607
3908646
3759042
3432106
3704285
3742815
4047621
2854465
3569757
2377374
3841582
2945815
2508743
3770312
2432248
2903302
3852026
3456663
3203861
3239779
3244655
2385858
3855902
2327288
3332413
3454855
3451874
2497187
3540240
3031521
3657011
3869084
3528591
2567608
2833935
3233251
3660015
3027280
3841556
3240106
2328855
3657047
2980473
2938100
3234944
3653197
3677875
3803009
2363750
3998863
2443396
3638633
2893441
3089137
3770293
3043667
2508638
2363741
3381257
3814115
3873662
3235126
2982321
3951634
2648744
2773360
3471022
3444025
3244662
3849086
3393712
2982093
3551637
3901069
3057957
3027284
3443197
2370974
2672150
3653181
2748249
3452528
3610634
2583101
3234947
2356118
3234909
3806201
3456972
3601860
3605281
3820645
3944572
3870454
3413078
2635763
3631136
2451607
2635773
3376990
3766809
2974626
3484503
3474403
3474379
3451888
3595596
3544536
2766263
3742623
2842163
2508647
2635366
4038411
3381251
3657097
3894080
3657058
2377404
2813864
3403110
3234863
2768367
3942457
3839631
3154280
3466725
3820648
3186974
3429581
2968030
2443454
3894755
2913012
3429632
3948062
2486819
2930319
2591889
2773352
2487579
3718581
3604348
2383891
3393680
2436012
2462091
3662856
2945788
2587844
2669982
3863691
3178972
3687763
2689789
3178984
3015534
3841407
2377361
3908725
3997440
3274772
3353039
3662496
3878094
3091342
3938526
2486958
3814087
3361158
3316227
3466705
3270379
3268944
2854375
2497183
3662868
3362855
2350526
3855081
3439735
3470552
3221933
2648745
3154289
2363805
3332179
2488324
3528561
2945790
2776449
3411351
3079144
3393698
3749799
3972958
3841414
3203858
3638609
2814256
2635759
3881665
3304057
3153573
3454853
2808792
3293740
2837249
3389307
3311299
3318125
2953485
3838647
2487564
3176222
3318456
3819551
4047167
2982329
3594063
2373864
3870392
3908634
3861374
3823697
3353063
3420476
3796383
3981338
3844448
3355737
2818560
2974613
3010564
3353047
2362374
2775924
4007165
3759825
3863192
3823336
3818743
2953586
3025751
3526862
2814253
3908678
3849068
3234967
3751627
3456750
3535769
3740383
3337340
3352977
2776463
3456964
3361184
2893445
2934457
3056916
3444911
3227584
3922624
2861651
4038418
2435983
2599162
3374943
3961498
2980486
3321563
3772111
3027264
2714688
2488334
2811302
3527721
2663508
2765879
3089136
3761730
3466702
3437548
3069839
2327307
3540755
2875358
3287628
2373903
3867002
3357715
4017404
4015716
2564013
2356131
4051211
3234908
3354236
3028048
3617347
3609702
2383864
3621043
3839625
3213019
3352984
3891346
3270326
4042942
3437506
2390716
2508660
2356127
3034762
3126549
3759802
3411339
3643958
2982079
3920877
2792181
3293736
3299354
3938636
2776511
3908404
3393760
3451891
3619380
3357732
3771681
3684495
3617379
2897216
3920879
3553551
3234858
3154266
3841555
2356116
3870632
2980159
3353048
2377378
3090678
2829225
2775024
3451843
3890185
3046069
3576727
3046570
3870748
3008487
3441848
3605283
3944708
2327713
3043668
2363792
2709841
2501233
3222153
3411348
3382234
3714754
3154286
3377002
2390205
3818611
2806471
3389372
2945745
3761210
3451885
3538962
2381329
3522366
3056918
2619311
3873643
4017408
3938651
2443404
2813868
3653167
3403609
3585909
2488287
3389367
3870739
3420462
2434770
3188137
3841856
3046142
3456749
2491765
3844406
3458569
2451348
2929239
2792912
2434589
3234889
3658260
3938644
3960832
3657791
3657153
3332180
2417447
2940210
3293750
2508639
3403114
3440948
3578881
2901648
2527586
3335715
2327712
3228529
3841593
2356123
3839623
3766272
3488994
3353038
3735094
2324434
3849080
2403229
2504347
3484091
3186989
3393679
3609704
3028577
2854402
3091320
3687758
4033241
3908671
2881220
3251210
3318467
3028386
3772108
3715294
3904526
3914308
2929230
4027604
3770346
3028063
2498448
3908658
3244630
2486974
3179578
3239803
3042647
2768363
2994689
4043845
3025748
3237808
4007628
2327708
2881863
3234911
3318454
2427818
3677686
3944573
3586531
3318455
3332183
3188122
3528576
2980466
3582390
2714694
2945817
2320745
3046536
3881673
3814085
3997442
2373908
4038434
3451868
3654637
3441866
3766807
3444142
2636491
3031524
3353045
3548982
3489009
3031591
3657004
2322871
3744687
2435033
2363836
2388799
2488281
3824454
2327289
3028579
3335711
3680989
2527778
3945521
3234964
3745001
4114579
2434582
3028739
3938482
2945763
3360444
3894750
3920853
3192621
2867353
3918514
3178969
3159480
3823337
2523808
3281121
3741776
3766828
3776183
3806242
4015735
2488256
2353751
2792893
3742819
3535786
2508715
3444129
3759025
3765195
3000651
2829958
3526871
4017401
3813859
3957793
3896047
2886617
3353040
2813824
3962414
3351183
3028117
3664822
2709833
3456974
2660100
3606415
3823339
3444113
3203857
2682040
3455731
3540288
3619382
2953896
2974655
2945804
3027271
3353049
3918505
3339634
3981349
2451595
3869724
2829199
3372748
4047336
3332744
3846795
3237885
3869052
2813865
2854491
3514682
3028319
3389322
2691671
3079178
3008484
3293752
3823338
2567607
3946137
2818545
2640931
3239785
3456667
3585929
3389304
3397619
3404541
3352990
2488314
2766218
2434103
2620835
2818535
3814090
3382231
3556827
3642665
2982103
2994666
3353027
3902819
2878819
3471026
3512997
3575125
3837263
2663459
3043268
2432281
3662500
3918949
3202420
2941835
3483211
2913011
2861138
3766819
2327709
2365913
3513590
3188121
3339916
3028097
3734436
3395013
2833491
3568914
4052705
2994695
4000052
3529127
3223579
2363760
2861098
3599383
3660037
3579169
2528115
3239796
2945794
3362861
3222146
3441867
3404071
3544528
4022129
3316226
3609654
3556830
3870410
2377412
3814120
3429637
3454858
3946218
3526915
3979747
3156589
3046627
2982090
3234885
2980477
3091325
2615390
3814095
2776448
3890207
3456969
3671006
2615425
2682282
3894781
3714753
3809653
3466721
3578878
3297537
3662862
4049420
2899696
2350507
3179573
2982092
2405480
3437549
3814067
3772666
3702570
3356185
2619314
2766234
3771679
3645623
2426446
3576696
3742630
2508728
3437517
3538959
3619370
3870666
3122765
3772669
3526833
2881879
3896045
3444015
3674703
3740370
3437526
3870651
3329310
2777722
3814099
3680435
3844395
3824455
3863184
3922041
3474374
3872744
3708871
3475786
3564229
2434577
3942882
3538956
2861648
3239798
2458934
3704286
2635749
2527762
2488343
3361172
3806218
3445555
3403606
2497185
3946123
2912999
3647391
3027263
2486828
3851333
2790089
4022130
3706510
3946105
3335703
3770311
3870740
2813733
2434585
3813898
2648717
3028036
2968031
3976322
2486839
3311510
2980134
2599310
3488996
3353043
3575711
3815414
2980485
2842178
3814103
3434433
3454864
3237855
2789125
3556820
3894759
3654632
3945532
3602798
2363829
3223555
3040565
3672071
3154267
4007443
2818565
3901067
3902795
3393696
3938570
3741793
3841557
3329982
3434746
3908662
2383880
3443187
3382230
3420474
3674756
2522703
3894757
2776391
3444011
3389361
3090013
3890129
3246437
3441873
3304649
3946107
3813848
2497175
3731159
3273427
2829984
2882842
3419948
4007447
3090045
3268967
2488286
2563831
2994658
3944695
3813885
3043673
2691693
2881864
3944579
3582097
2591864
3404673
3791236
3736174
2761840
2980160
2837242
2377411
2899388
3973857
3617368
3376988
4022132
2787962
2365884
3500806
3244638
3393676
3671984
2709805
3809315
3275995
3609723
3556823
2564012
3856060
3179600
3237905
3918504
3838627
3389371
3945525
2327294
3894719
3328655
3411363
3046133
3099012
3619362
2979897
3617341
2605029
3579153
4045600
2773351
2563836
3326715
3606436
3896413
3437513
2902624
3159372
3741777
3564224
3894738
2508809
3134022
2383080
3972972
2648211
3870753
2390201
3759024
2404160
2356125
2591861
2432249
2875310
2766257
3387264
2867348
3881666
2474994
2861282
2761838
3286944
2640938
3944591
2365909
2636509
3332170
3766848
3982620
3027267
2451600
3471343
3339635
3662491
3604361
3687759
3870671
2790091
3806189
3540270
3908640
3908727
3376987
2475435
3404677
3779400
2648208
3056925
3672092
2886641
2527773
3154187
3375655
3819100
2320740
2417418
3286959
3942236
3944575
3869655
3968137
3587023
3839630
2808779
3257196
3072831
2969924
3469326
3332185
4039831
2431191
2691687
3066831
2372869
3957792
2814250
2881878
2805287
2327290
2327699
3908729
3426556
3372190
3008481
3512993
2365892
3420448
3772664
3050830
2953543
3268947
2842167
2615385
3741832
3657092
3402468
3761181
3944574
3394026
3466716
3410419
3239775
3575147
3031583
3332758
3361157
3270336
2974612
3154276
3502187
2373942
2818574
3551908
3645607
2940228
2393670
3944702
2497169
2896575
4026670
3028032
2462106
3564219
2434598
3653190
2493243
3317398
4027603
3944711
3286929
2443451
3031539
3234917
3528588
2315180
3875757
3568551
3361156
3870735
3512972
3577651
3948082
2488380
3823695
3962688
2854372
2934073
3015535
2949119
2941843
3771007
3339918
3387272
3854963
2486957
3528408
2583085
3470197
3609667
3645611
3239792
2328864
3643957
2440267
3568565
2435024
3186971
3484570
3844867
2406810
3870395
3771003
2817973
3256714
3942863
3934760
2373860
3638645
3015539
3981359
3653128
3688852
3444023
2447436
2945793
3604334
3430112
3844865
3233822
3474405
3860151
2776485
3159407
3293780
3451889
2709784
3351308
3046116
3942864
3539024
2356128
3092908
3766808
3234916
3353054
3332182
2406681
3411367
3234883
3834553
4044695
3360414
2434596
2635358
3649416
4038428
3007747
2829963
2487569
2487000
3475788
3079278
3283094
2884579
3179029
2875350
2438983
3153592
3404076
3353037
3389305
3311276
3860144
4013466
3670958
3957801
3414745
2508648
2372732
3841413
3502189
3351302
3444089
3090250
3604346
2860190
2440314
2357623
3870669
2440268
3873647
2888885
4051245
2889021
3364046
3301954
3010542
3353028
3145151
2737661
3774913
3610819
3403963
2451362
2640941
3179031
3060342
3108229
3234910
3657025
3881674
3375650
2994667
3079177
2682276
2776461
3397606
4015733
3528230
3870774
2714561
3301952
3439001
2327296
3393671
2432202
3046130
3195803
3706521
2599168
3326681
2428080
3619359
3411354
2406787
3806213
2567002
3662502
3430121
2541770
3234905
2451355
2691694
3869193
3671952
2508748
3393678
3672073
2682173
3645613
3179595
3226056
3770310
3736177
3270340
2451364
3430109
3677517
3234864
2796435
3223554
2982095
3028542
3581916
3657057
2792946
3000967
2639020
3169945
3908719
3411372
3766812
3771024
2814254
3528556
3258236
3089819
3849061
2945761
3598181
3138492
3845577
3178966
3576711
3756594
3434430
2980478
4052999
2833342
2681814
2363781
3031593
3046079
3156588
3411343
3210847
3246390
3187758
3846791
3484083
3680426
3239826
3662864
3031579
3275959
3142984
3734391
3159390
2611896
2527757
3159352
2674231
3159404
3945518
3368823
3870407
3380581
3090012
2829219
2388807
3068878
2768380
3969125
2776466
2603061
3268952
3922122
3287626
3270341
2417426
3486977
2829232
2381906
3229334
2405001
3744732
3210822
3355741
3856517
2436964
2451366
3193508
2353690
3779630
3911382
2549609
3787939
2929227
2818578
3548617
3353080
2373886
3990524
2660101
3863689
3942870
3393675
3942885
3363680
3609721
3852869
3944576
3456675
3740439
3466713
2837256
3601862
3854955
2357616
3766677
3918513
3437515
3230427
2395427
2439066
3771005
2363768
3217092
3203863
2994662
2330046
3221961
2621138
2391741
3404439
3089837
3838657
3588124
3304061
2691706
3670993
3118729
3353074
3043371
4023500
3766654
3411340
3687764
3728900
3293846
2980475
3936069
3661731
2768370
3873645
2901639
3353055
2599314
3870458
3332360
3861388
3156595
3894716
3234929
2327286
3843467
3846807
3550007
3696119
3382233
3126109
3995415
3372185
3245123
2331333
3735920
2591860
2487565
3353010
2491764
3153590
2350520
2854332
3527670
2953574
3159461
2564010
2648731
3892584
3326642
2356133
3894706
3227750
3738637
3996181
3402451
3283013
3657098
2982323
2587830
3657502
2356119
3355807
2390653
3617326
3848519
3159361
3025755
3837275
3638646
2766790
2482555
2837239
3920865
4046849
3870614
2792922
3840691
3851841
2497186
3502214
2439935
3381705
3818745
2363790
2371496
2351588
3657096
3332347
3154183
2902459
3981348
2404169
2967991
4053025
3239771
3456745
2881882
3662854
3616603
3607450
3881671
3031595
2439125
3870803
3718578
2357626
2635779
3969918
2487557
2980460
3868416
3206040
3528236
3908707
2508652
3908679
3869766
3188120
2365899
2781189
3389360
3702582
3058035
3335709
3840328
3774915
3489551
2974615
2671420
3672076
3090549
3834383
2326998
3060356
3937801
3814119
2845116
3849112
2548627
3268951
3159391
3709690
3786898
3429578
3355784
3802141
3355738
2377344
3944713
3757199
3028114
3657012
2439118
3841552
3908395
3689900
2373246
2451609
3744730
2648162
2691699
3677531
2994651
3429642
2854347
3234953
2497177
3888645
3555403
3818885
3587321
3227594
2775918
2373941
3283015
3089818
3441875
3186970
3908722
2328848
2640932
2881224
2404079
3214000
2648148
3259405
3538941
2635357
3027242
3856062
2748250
3579149
3283058
3662833
2818562
3617342
3469698
2563906
3426573
2888881
3474377
3368819
3239783
2403445
2775026
2709807
3218568
2945753
3657061
3027274
2953540
2934745
2969928
3451912
3234949
3239802
3985556
3719025
2508617
3722879
3203862
3674762
3558241
3890131
3186992
3540235
3056923
3444908
3066843
3231888
3347755
3364378
2984906
2377424
2541717
2583019
2377383
3610815
3735912
3256724
3278870
3659377
2765885
3332150
3090036
3353052
2796402
4039830
3283019
2330056
3525251
3960649
2440955
2599177
3942599
2986624
2447423
3934745
3181775
2648174
3962416
2416684
3058022
3371430
2488373
3218633
3626645
3353086
2714690
3429584
3638644
3818790
3841875
3089830
3548923
3090636
3918534
3948085
2861119
3995427
2904579
3744993
3452526
3422865
3826215
3217085
3528558
3031585
2390053
3441865
3768030
3234869
3747520
3683271
2699740
3538940
2733714
3763154
3056653
2599163
2354003
3441871
3671981
3834278
3454851
2493577
2776458
2370942
3881658
3820647
3575668
3445794
3270358
2448398
3942907
2488288
2714686
3558381
2886600
2604399
3526846
3233065
3891404
3454844
3090581
3362578
3905912
3526873
2413729
2435984
2737636
2322869
3060345
2636492
3553552
3089135
3007746
3870403
3474406
2443406
2462036
2452412
3741823
3091314
3806237
3007748
3657100
3540241
2532754
2563954
3736172
3908748
2452980
3908669
3766540
3814102
2576518
2398837
2969935
3229346
2813734
3456748
2443405
3980747
3368820
3293868
3870461
3725614
3234969
3455730
3244637
3997439
2776388
3716887
2969927
3853617
3904719
3283065
3873663
2764266
2982078
3404066
3749796
2432279
2941884
3981352
2636504
2878828
3890183
3445564
3513581
3393684
3687461
3056913
3173643
2434584
2818536
3234975
2583017
3046580
3090256
4027608
2776392
3870781
2882863
2689445
3043669
3332178
3318462
2376077
3855898
3849006
2493389
3090672
3770376
2945795
3786896
2523809
3806245
3759026
3066841
2953590
3870398
2886606
3870610
2790073
2447890
3243336
2971614
3381374
3848987
3056919
3025759
3127213
3273426
2404182
2433672
3283080
4050085
3908393
2591866
2357624
2672156
2941855
2955838
3901242
3927120
3429585
2363860
3928685
3938545
2563852
3528594
3870747
3720777
3353026
3568694
3411414
2945766
2462062
3604357
3841547
3286937
3920861
3241084
2772413
3869239
3028095
3820855
2875311
2339163
3564718
3320213
2681985
2487561
3432102
2401362
3186982
2457018
2508676
2709815
2448394
2405483
3894764
2694602
4037699
3610638
2792913
3942865
2980052
2497176
4043465
3553559
3902490
3657090
3339637
3625365
3843532
2969982
3989355
3052025
2945866
3672072
4039829
2405494
2776493
2356135
2899432
3852924
2435031
3873654
3569756
3387273
3645622
3849063
2549619
3539026
3735791
2881227
3384554
3904725
2404164
3271754
2647465
3714755
3662489
3228524
3031551
3740379
3410402
2611938
3555404
3028546
3896041
3838202
3221967
2815199
2682274
3489007
2635796
3575142
2945779
3839917
3226684
3159401
3856071
4007172
3089132
3222162
2899379
2416692
3094840
3443198
3185003
2562993
3332667
3689471
2363840
3735926
3868411
3304650
3841743
3614329
2813731
3741808
3028060
3484604
3094850
3604339
3710846
3894721
3696145
2766196
3374607
2660104
3619338
3830995
3293779
2991516
2899306
3186994
2621188
3766821
3474089
2953575
3332348
3284119
3025756
3577637
3360453
3813864
3870399
3079116
3528920
3579168
3761255
3444034
4020703
3318448
2691688
3608836
2487558
3353033
3179051
3376986
2508800
2488308
3527667
3734434
3834413
3843354
3362610
3410418
2980137
3992587
2901622
3500804
3372177
2488298
2406789
3671020
2326458
3920858
3656247
3403107
2487567
3547387
3908635
3744700
3578167
3860152
3962406
3638637
3077677
3305340
2901644
3259290
3870780
2508732
3410408
3256713
3638615
3955410
3854965
2377391
3578166
3466729
2776399
3210818
2462109
2354002
3674758
3360425
3154275
2504349
3840382
4007442
2648151
3749210
3420490
3896421
3142234
3741843
3553562
3181751
3335704
3237936
3361174
2404170
3079109
3556828
3079112
3861382
3046131
3403108
3430092
3430097
2854316
3234974
3980753
3834420
2748288
2488316
3849074
3123681
3654985
2882848
3444918
3327083
3661089
3223578
2681951
2934042
3393129
3466696
2810341
2648743
3235134
3813891
2920517
3832980
4007778
2362332
3759140
2488282
3948072
3653142
3025760
3419914
3332363
3741825
3902530
3221939
3627475
3283025
3304055
3379442
3948281
2487573
3981362
3575129
3311278
3419150
2941890
3949341
3990530
3855030
3843287
2878823
2660124
3564227
2431257
2365885
2796615
2324450
3617328
3456669
3332352
3008482
3908388
3473161
3846799
3409651
3813849
3299349
3101670
3870746
3873666
3079110
3759088
2982091
3178991
2443441
3938560
2994688
2433137
3476145
3475785
3456743
2899325
3474385
3389356
2615410
3234938
2883503
3814081
3213998
3484540
3430104
2327717
3235143
2508807
4022116
3740389
3657914
3735819
3018431
2994672
2886622
2844867
3582499
2878816
2969914
3576708
3403118
2681852
2424673
2373881
3418882
3176266
2714705
3602137
3779374
2497168
2434768
3339631
4007166
3404042
3204563
3972959
3244660
2370945
2321322
3434432
2792212
2964696
2623588
2416690
3098981
2945757
2881213
3337041
3706528
3221924
3766806
2439105
3297539
2549781
2766792
3908699
2974641
2882846
3256755
3411390
3708869
3179027
3028082
3541818
3687465
2648147
3980755
2493201
2567070
3512966
3353044
2443379
3834410
2829214
3409657
3372187
3858994
3638614
3638624
3332181
3671843
2354004
2860187
3351182
2327698
2791423
3942219
3223562
3027273
3397599
2515683
2432172
2370941
3709194
3616009
3301918
2680621
3830393
3870765
3843531
3662495
3671016
3090236
3657017
3917322
2355824
3834562
3951772
2440308
2365938
3890133
3870649
3944605
3766824
2549771
2890474
3796337
3526910
3908648
3861376
2599311
3766850
3778577
3515015
3359623
3915130
3922043
2583040
3234954
3868269
2365880
3244656
4027777
3404072
3091346
2328478
3553548
3841776
2363747
3708863
3441881
3403106
3725608
3869170
3922623
3963693
3268945
3397584
3420488
2583020
2612685
3941155
2945759
2886602
3834507
2893447
2781191
3610877
3677069
3046125
3283027
2636531
2589699
2357627
3422866
3101391
3318459
4038423
3610637
2615384
3402464
3046084
3786891
3270352
2635774
2486835
3099013
3660035
3028583
2339161
3934736
2487553
3426568
3224675
3429572
3301937
2731376
3772672
3502230
3324767
2495207
3234961
3706523
3653255
3716974
2682283
2493241
3814066
2574691
2443468
2953589
3206019
3443190
3869172
4009874
3633304
3353013
2931659
3920857
3123680
3209756
3735068
3387261
3582308
2360290
3894861
3869031
3179575
3576722
3972993
3951976
2448391
3945209
3814097
2361367
3604358
2792943
4051276
3382241
3841546
3318452
3670871
3869039
3273301
3403102
3965573
3386546
2432197
3301942
2833473
3894683
3638623
3504297
4008679
3819099
2488372
3515020
2416686
2424672
2880913
2790085
3671941
2889123
3944712
3043265
2403449
3582163
2842466
3767110
3657007
3528529
3444019
3119131
3186975
2340668
3246382
2373936
2404159
2875371
2327010
3718970
3283001
2685726
3656239
3850274
3944583
3304035
2734881
2589567
3512992
3046077
3490302
2362193
3389358
2640936
2497170
3456671
2358875
3904730
2390945
3179650
2563988
2973875
3353004
2945760
2327014
2881746
3795270
2940233
2451323
3840335
3936078
2624393
3355811
3813886
3791411
3864570
3770292
2372875
3235140
3353389
3332171
2363777
2675238
3203866
2488375
3031541
3278433
2355330
3528565
2815191
2434775
3339632
3942611
2980158
2829233
4038438
3677094
2818580
2563895
2640950
4022147
3291749
3090041
3669105
3179588
3500808
3221923
2768377
2867349
2611941
3653220
3776184
3293848
2899305
3488993
2837244
3405107
2440524
3895802
3855871
2527584
2796578
3547383
3666974
3336870
3582203
3353053
2547469
2635356
3374953
3894678
3389409
3846800
2999734
3234945
3942215
3841670
3332704
3244521
3870626
3508760
3329315
3443094
3389458
3434670
3551612
3901076
3830373
3474388
3121123
3908672
2678829
3090565
3968219
3286947
3239764
3582425
3888647
2808765
2440310
2969979
3687453
3293313
3426567
3572910
3677529
3816838
3680431
3379649
3434437
2994709
3429645
3551603
2986622
3203871
3776307
2818529
3028531
2809796
3870577
2641529
2748277
2541739
2621203
2775920
2979904
3490347
2772411
3840376
3822681
2549655
2941880
3576721
3662476
2941847
3870670
3896044
3687459
2458966
3335700
2878440
3046109
4047330
3066859
3231889
2994744
2317536
2766254
3645612
3908373
3780232
2635764
3220416
2451610
3786902
3725862
3736187
3031584
3368815
3301940
2817992
2332273
2391703
3861379
3551634
3689921
2363791
2462101
2353352
3034697
3025743
2462053
2772416
3631470
4023482
3179576
2777749
2861650
3814118
3027289
3222151
3090662
3555158
3662504
2902341
3393701
3154281
3567760
3824808
3474378
3977888
3556826
3372193
3293729
3178992
2945756
2781195
3179556
3156281
2792888
3592047
3488998
2682015
3301943
3402516
3355742
3404062
3357676
3512976
3840692
2587897
3675877
3387266
2452427
3622068
3908675
2656895
3437514
3332175
2522619
2523817
2941789
2518497
3844871
2984905
2837251
3154277
3840340
4010477
2833313
3471023
3841673
2861165
2818552
3089824
3817782
2709840
3670788
2881852
3434431
3681556
2432171
2837246
2982326
3832361
2450544
3731163
2748357
3976167
3824461
2861269
2979974
3741849
3221917
3049634
2974617
2829980
3486982
2610774
2438050
3680413
3339633
3333183
3840387
2878858
3221925
3662461
2941841
2940213
3795074
3737664
2488274
3844868
2969948
3748665
2902336
3609674
3091337
2583030
2829964
2681811
3744973
3123678
3235128
3919984
2621137
3818608
3186993
3512954
3604359
3942240
3908700
3855895
3619372
4051230
3841560
3869040
2864468
2713545
3159397
3466715
2619310
3385224
2929225
3896057
3528569
2636520
3414747
3502186
3734382
3616617
3582454
3820651
3229357
2599173
3027252
3270351
3702583
3215574
2612820
3473438
3027241
3927262
3269627
2615401
3307951
2813859
3456756
3973848
3372204
3321529
2331878
3841409
2451338
3869160
2945785
2861171
4027591
2497179
3722897
3293851
3870653
3908426
3908743
2463846
3841645
3320840
3000453
2428087
2633332
3361176
3332690
3270322
3393688
3528650
2426458
3514698
3334058
3031598
2447428
3595276
2719630
2328863
3305349
2447896
3877669
3846786
3404101
2941862
3327076
3153609
3751674
3744686
3944580
2945814
2442670
3293775
3617377
2593574
2882133
2350531
3981342
3234934
3234968
2567121
3602144
3823321
3357668
3472355
3091360
2861646
3564222
3891349
3283004
3066844
3333319
2689809
3681525
2508734
3844405
3928676
3513574
3582030
2363210
2812517
3275991
3226058
2810389
3233072
3138491
3420453
3908649
3834565
3852890
3276302
3015877
2326026
2861571
2834301
2376887
2354005
2811438
2363775
2837347
3844437
3466719
3540269
2810775
3714767
3577647
3403109
3908654
3771698
2861568
3851076
3430090
3815252
3293764
3076192
2363822
3751661
2701021
2634074
3674753
2458979
3187729
3250157
2390206
3482413
3671026
3837271
2660140
2611937
3381295
3663225
3336904
3304768
3528589
2326469
2875312
2600759
3410417
3760186
3404536
3443874
3820628
2727810
3254528
3820626
2563894
3010535
3490324
3310768
2488381
3902777
3293844
3511504
3456384
3657099
3084135
3852533
3846418
2603054
3404061
3058023
3834514
2867523
3375101
3239767
3928748
3671983
2842162
2787229
2434456
