2335027
3916516
2411062
2411056
2411040
3503756
2335031
2335042
3992278
2494497
2411078
4023251
3992273
3624033
3030404
2941487
3756227
2335035
2360454
3407078
2411036
3714562
4023229
2411048
3992264
3992257
4023244
3260608
2941490
3503754
3992280
3992242
4023232
3260603
3761466
3992249
4023230
3756233
3714564
3921615
3178590
4023237
2494496
4023256
3916517
3761464
3624028
3761465
2468534
3407208
2335030
2575955
2335017
3756231
3756230
3129169
4023263
3992262
3178595
3714558
2335028
3756229
2411058
3618457
3023718
2335018
3285873
3916548
3972933
2630324
2728210
2335044
2838632
2402781
3260600
4012342
2335033
3851673
2798409
2569919
2493552
2931489
3018852
3400849
3756214
3595983
3090706
2974005
3618452
2988740
2506194
3101513
3172257
3020320
3650523
3992250
3916551
3595994
2424468
2469269
3789770
4023255
2798922
3103307
2657713
2411052
4023258
2477776
3018849
3315413
3629111
3674241
3140574
3714559
3992247
2615988
2976370
2838620
3629117
2489184
2835361
2611825
2469276
3692521
2335032
3756211
2593741
2835357
2573207
2816849
2753576
2676183
3624016
3248309
2824971
2409851
3105441
2753585
3020322
3756205
2444485
3130251
3447700
3636158
2468535
2976378
3447708
2494499
2569973
3140232
2672655
3624017
2654007
2424467
3756225
3827565
2838627
3040737
3477220
3417063
2798929
2456977
2520024
2931975
3761463
3355978
3260611
2988738
3595984
3624027
3624026
4023245
3047971
3137896
3703114
2657670
2469275
2342635
2824881
2712639
3624032
3445674
2411046
3839394
3477221
2946371
2914786
2411060
2657615
2444488
3775853
2830664
2340336
2798925
3662716
3607516
3140231
4012333
3312508
3296065
3624036
2796533
4012336
2943783
4026165
3089387
2539878
3319869
3764757
3536341
3103315
3477217
2830663
2375045
2798413
2838631
3791991
2767023
2440987
2468701
2634580
3409138
3992265
3312514
3441922
2955708
3916515
3789751
2753542
3020393
3130250
2429916
4026164
2593416
2439248
3714563
2593742
2584619
2676203
2784120
3078382
2943784
2569967
3447711
4012338
3570050
3376289
3847986
2371770
2749677
3101512
3312515
3993127
3629939
2781766
3607542
2386545
3000424
3715014
2816848
3595992
3418629
2867887
3721456
2569933
2756364
3260595
2990056
3296133
3995353
3510392
2522612
2713673
3905342
3707211
3419847
2816845
2798937
3756232
2838623
3322804
2784119
2879058
3140229
2798923
3234427
2707002
3312516
3595989
2867902
3670639
3818520
4012310
3020395
2335047
3903315
2941494
3173253
3207609
3400898
3619518
3333096
2522173
2444503
3097191
2429941
2867497
3591050
3248315
3066460
3309299
3982776
3114854
3916512
2954710
2387228
3260610
2454825
3628924
3781483
3333100
3168528
4019551
2828698
2902973
4012302
2798939
2798919
3916546
2885511
3607541
2753459
2692697
2690916
2840018
2593426
3591712
3690045
2867917
3290038
2462876
2402463
2378953
3151552
2887273
2569927
3629119
2781757
2700587
3800133
3503758
3140233
2442161
2711037
2424469
3764747
2941509
2494498
3060315
2838615
2824968
2479075
2902731
2838624
3590393
2390291
3590043
3513713
2867882
2700216
2724488
2657703
2489189
3791301
2593434
2763847
2611820
2914779
3972426
2888703
3146442
3414226
2941495
2387267
3407139
3881467
3418634
2798936
3881454
3607520
2931456
2974019
3889775
2855140
2387365
3342582
2768989
3309403
2439258
3447699
3789757
3451324
3474346
2514933
2587646
2657676
3756226
2899104
4017523
2875959
3447709
3589627
2378956
2835360
3312518
3589710
2350920
3992627
3140228
2756366
3623437
3972931
3000985
3136298
2960870
3936920
3789777
3784879
3312517
3003666
4023231
2690912
2709489
3802232
3204287
3406913
2378961
2436225
3303626
2621703
3278065
2941510
3205546
3248306
3859287
2379899
3418628
3916514
2665592
2713676
3590403
3756204
2321674
3173905
2824899
3142049
3168519
2590750
3140230
3074542
2424464
3784985
4013442
3441151
3916561
3818522
3607514
3103299
2482932
2335046
3083453
2830666
2914791
2449599
3536340
3463134
2469273
3570456
2451216
3636153
3582321
3322784
3140581
2482687
2489183
2439249
2429915
3296125
3409153
3089388
2728202
2974290
2859243
2788176
2898570
2593278
3881463
2621702
3541026
2562027
2885512
3348755
3061328
3628472
3201448
3756219
3881451
3628476
2798938
2897278
3790713
3756208
3790730
3312511
2712640
3172894
2900692
3595990
3721465
2911462
3881458
2867895
3818536
2939482
2536350
3400859
3140577
3817386
2570659
3636534
3089389
2976369
3504197
4012340
2449611
4012305
3616345
2753575
3047972
3146444
2524626
2955694
3636536
2684911
2946395
2409316
2590809
2320697
2494491
2360460
3662703
3054030
2633198
3075555
3815202
3415351
2668194
3531132
2753579
3101491
2753441
3136295
3523715
3189969
3936893
3248314
4038637
3103312
2902961
2974001
2451210
3023035
2469015
3701387
2411050
3423624
2524642
2750610
2633196
3312510
2570653
3607737
3312531
3947809
2962120
2661181
3022819
2976391
2728207
2753586
2749625
3173906
2587680
3756203
2454821
2946217
4009922
2416249
2515029
3189942
3080951
3442657
2417543
2569983
2758851
3474938
2952689
4026163
3619393
2974020
3168536
2657612
2914787
3167380
3168525
3715499
2468514
2781752
3409169
3248310
2742961
3715503
2494515
2939483
3296150
3022834
3789767
3129167
3400895
2428052
2779490
2867914
2571472
2598329
2378957
2767057
2544183
3089390
2587683
2788400
2910377
3447404
3402581
3595991
3818534
3083452
3607532
3150069
3590406
3447710
3483358
2875966
3790742
2989993
3593593
2988728
2444481
2989994
3089383
3091573
3418633
3881464
2493610
3510391
2592211
2454820
2569986
4023269
3627046
3591709
2707003
2993613
3089382
3590405
3013977
2752022
2519188
4052899
3781463
2838628
2838621
3140576
2519197
2867894
3756209
3440634
3955263
3900475
2474755
2899093
2449602
2539872
3061327
2460336
2657667
2335029
2914084
3954437
4002822
3353750
2673037
2547789
3744423
3814034
3090707
3426280
3781470
3468019
3354813
3083449
3565692
2593438
2494512
3214308
2657614
3354814
2423216
3591713
3653079
2835358
2497329
3435394
3916513
2993605
3382962
2587976
3077888
3129171
3287985
2379880
2706971
2974018
3062614
2830645
2335020
2410043
4012350
3047977
2558071
3725597
3650521
3606272
2340343
2766903
2468704
2333158
3945058
2753563
2515035
2898571
3319952
2712642
2824882
3028743
2625615
3441960
2536355
2712643
2844248
3449877
2830665
3253444
3750819
2891572
3447698
3639034
3400884
2592834
3020399
4052910
2402466
3287330
3188246
2593445
3551539
3197328
2891370
3051726
3633238
2593744
3288120
3810479
2943789
2838619
2643944
2405292
3585538
3252254
4002830
3072460
3635935
2587648
4038635
3827561
2753592
2798918
3474365
2941493
3593589
2417558
2468926
3623430
2941489
2891348
2993600
3810697
2396526
2569943
2835356
3400865
4017528
2652682
2489188
2469258
3498639
3258455
2910374
2387239
3198292
3612760
3503718
3781482
3061876
3257564
2412318
2704296
4056209
3459156
3022818
2731488
3199612
3201457
3760808
3624018
3104301
3267604
2387247
2844231
3105442
2784123
3001009
2801755
2522181
2494502
2728214
3447727
3442408
3367357
3343555
3570052
3601122
3409145
2986552
3689884
2830648
2451356
3845913
2395588
2522130
3584641
3518177
2364449
3165179
3080952
3018847
2429938
3428849
3501586
3474121
2844246
3296089
2818959
3253443
3060311
2608739
2650248
4008077
3097166
2959275
3808923
3808938
2630325
2531640
2726164
2594968
3072464
2781762
3182803
2712658
4006364
3577116
2781771
4026162
3590026
2867935
3875230
2726856
3724820
2952686
3189953
2584380
3703116
2749627
2503308
2975337
2902010
2940156
3018848
3407182
3260607
2690901
2364453
3591719
2955724
3721928
3003054
2899207
2676204
3258956
2931483
3023528
2906964
3075542
4017526
2594129
3916555
2334106
2493612
2379878
3078383
4056211
2449597
2910381
3996962
3962283
2970790
3748324
3712586
3227646
3097165
3570057
2959274
2830655
3093276
3447701
2992596
3258463
3992263
3829741
3653081
3278066
2921356
3773934
3000993
2957155
3714827
2753564
3400845
2774080
3354810
3961411
2965663
3075543
3784894
3784877
2684877
4088939
4012341
2494495
2586849
3962270
3536346
2747675
3326246
3781480
3312527
3002496
3784899
2989991
3132046
2370085
2946197
3468015
2335026
2992597
3451968
3803138
2408247
2726863
2588349
2988850
3089385
3087021
2811683
3400913
3068609
3577814
2379919
3650519
2796534
2515392
3945552
3104300
3353751
3881488
2748183
2875472
3972418
2959276
3314043
3589713
2685923
2378943
2974011
4012354
2515378
3593581
2643948
2974013
4012349
4061092
3953238
2630323
3091755
3469186
2921352
2700768
3603443
3434930
3319887
3720900
2740019
3091577
3653080
2938264
2469277
2833945
2566560
3147180
3268518
3538485
3400853
3386844
3712107
3798220
2496540
3845475
2595573
2844242
3692524
2995426
3168524
3484645
3590392
3130249
2519195
2813429
2684453
3781462
2752025
2419762
4020047
3789778
2592819
3808922
3312496
3061011
3915500
2454574
2700217
2853131
3608318
3383149
3845917
3390131
3435388
2335034
2871181
3929794
3943231
3881476
3756212
3091772
2558563
3790738
3407207
3023472
2830027
2751461
2429942
3000988
2517683
3263759
3750832
3674207
2474000
3287614
2644398
3380719
2610321
4012325
3205722
2720265
2712665
2418959
3775864
3936923
3163129
3027082
3676766
2793984
3199614
2875961
2452692
2684835
2519175
2379915
3459144
2784147
2982248
3518128
3715501
3474109
3018542
3764746
3930034
3590397
3024229
3198025
2387205
3145616
3400858
3593591
2569979
2767007
2477854
3936895
3344243
3485883
3258464
2451208
2613435
3725467
3590044
2620279
2838618
2753493
2868792
3789763
3456820
3831614
3447388
3750825
3423146
3184588
3103311
2517036
3101503
3962284
3845910
3407148
2517679
2796542
2965433
2712671
3590070
3199613
2974015
3072475
2449570
2716864
3101510
2405114
2438393
3791282
2867890
3636529
3437122
3065556
3639058
3083454
3395435
3003881
2860682
2396529
2952684
2753557
3000991
3447717
3400868
2531639
2711674
2517678
3803429
3312509
4023257
3409163
2946754
2634552
3189954
3434270
4041136
2544186
3789756
2387382
3626193
2593746
2473998
3730089
2902978
2539899
3474367
3936933
3954440
3756200
3319847
2974052
3868197
3875227
3591715
3175979
3456816
2387278
2385822
2411074
2947239
3458723
2378946
2726161
3781477
2449571
2690913
3818527
2700593
2517677
3050369
2824970
2891361
3507052
2500863
2882900
3216453
3238476
2755864
2493557
2996024
3995354
2749676
3189948
3463525
2875965
2516056
3409160
3407076
3063705
3803131
2439259
3721461
3407204
3129393
2753453
3887059
3538735
2902414
3448986
3607734
2593440
3103309
3385828
2734952
2788746
2520837
3132109
2784121
2753565
2539779
2331704
3239903
3714050
2734951
2685935
2630318
3322805
3909419
3140227
3265479
3091572
3059645
3725038
2891350
3761467
2712676
2525830
2766665
2416246
2811690
3287951
3523022
3101500
3168518
3714571
3607718
2867913
3382958
2649160
2891367
3673705
3177821
2542739
2351832
2394596
3876797
2853814
3461225
2690899
2630321
2709495
3297469
3607583
2718778
3447350
3287607
3290036
2940828
2478029
2910373
3644320
2412328
4039008
3400878
3756216
3946121
2427508
3073034
3182323
3595986
3241383
3686425
3322802
2468703
3635939
2413011
2515374
2539874
3312532
2934124
2753584
3080901
3020391
3469188
3618387
2330788
2515383
2655782
3606273
3080289
3454237
3722312
2744524
3662715
2569948
3290040
3750820
3499961
2851973
2875960
2750619
3756206
2988745
2894528
3096290
2791525
3319600
3593584
3800399
2656834
3435449
2753415
3910788
3447365
3278062
3591053
3051876
2539873
3607570
3758838
3545532
3091754
2780197
2473051
3504623
3880846
2712650
3624019
3726969
3372898
2366509
2830650
2962175
3400847
3566664
2998626
3551934
2592202
3803123
2473300
2700769
3340610
3150077
2911805
3483371
3175980
3589725
2555646
2962140
2952685
3431557
3756228
3808904
2454593
2420270
3061240
2750618
3781465
3199295
3007431
3589738
2692600
2478585
3078353
2874702
3429881
3097163
2385842
2991134
3341097
3791988
2728212
4037651
3198609
3995352
3278069
2891371
2483260
3463531
3857360
2958373
3000384
2587652
3024225
2336556
2517682
2495132
2694445
3074544
3372649
2700220
3980073
2494510
2753532
2522648
3653086
3881472
2396531
3830533
3044762
2893134
2593456
2997389
3289993
2798935
3169339
3078352
4056210
3078593
2386205
3172155
2413917
2750605
4055635
2692696
3553644
3822834
3032453
3140579
2784122
3258206
3407104
2451215
2489185
3646953
2738923
2835359
2514935
2958377
3598740
2817707
3013229
3744546
3479879
3195962
3485081
2758848
2740152
2888704
3107835
3715264
2749626
3474937
3903310
3820176
2892411
3233203
2983573
3916524
3151653
3447726
3281641
3292125
3881457
2846189
3764751
2387348
2628699
2522166
3023335
2593758
3536355
2888707
3591717
3312520
2449609
2395150
2325065
3589740
4013441
2454822
2657721
2657719
3474368
2784156
3449713
2593417
3552710
3762735
3809261
2740971
2707000
2936903
2858150
3781479
3379733
2946196
2468932
2494525
3607540
2663475
3428296
2387223
2988737
2681033
2424466
3631663
3132028
3984674
2847308
2411080
2734950
2361724
2990608
2956753
2428505
3779673
3336272
3082224
3168529
2993612
3400905
2947613
2781767
2993610
2588347
2379147
3114665
3828184
2875219
3417491
3287612
2931484
3296156
2753560
3255506
2413010
2753561
2415964
2901851
3458159
2544501
2387260
3456810
3590402
3047979
3147189
2429919
2654016
2867720
2544185
2718777
2649943
3803431
3300370
3418291
3045433
3828212
3721934
3140235
2875958
2844222
2874696
2752731
2342642
2387112
3817385
3530595
2974077
2449610
2830649
2940943
3507712
3403040
3639062
4055389
3607735
2588351
3091104
3367324
2899759
2444506
3147181
2540190
3982781
2840020
2869502
3451256
3312519
2379908
3589721
3296061
2940827
2376369
3045431
2439257
3533324
2866060
4032772
2673034
3724689
3775856
3287463
2866163
2899941
2415957
2657675
3296085
3590407
2531788
2863550
2892427
3476064
3590072
3012592
3712201
3078457
2713217
3604686
2406261
2571878
2912186
2875967
4005331
3750811
2914140
2478586
2875469
2468702
2713537
2587629
3788054
2373625
3389992
2440989
2378945
3881489
3290823
2842589
3992248
3319859
2995425
3273162
2593439
3756222
3936563
2554483
3953239
2625622
3255509
2902977
3404389
3591049
2712681
2519305
3394361
3075818
2654078
3756213
3528066
3642148
2410249
2638029
2750611
2782335
4008069
2564619
3808905
2753458
2592214
2444489
3147190
2463648
2801554
2590756
2709613
2974564
2951988
3513894
3585877
3400854
3925010
2685945
3730209
2569985
3670650
3168514
2898572
3725462
3810481
3209849
3484690
2330776
2365152
2539792
2386594
3565695
2601055
2374377
3431488
3132056
2409818
2649953
3431529
3787264
3403379
2469267
3312522
2456943
2943786
2379141
3023328
3929799
2845036
3605612
2514590
3575945
3521316
3216449
3435386
2906968
2829552
4006884
2650255
3423893
2700232
2411236
2750616
3943232
3164677
2975343
2902970
2608742
3417152
3420563
2785024
3001026
3636157
4016223
2536353
3812170
2372219
3315015
3200666
3097168
2569613
2960871
2569918
3936566
3421634
2657714
3458786
2976371
2676719
2522537
2795635
2478974
3173904
3335311
3163127
2519795
3204936
3584600
2494494
2936905
2991125
3287942
3336271
2544181
2891351
2462729
3601098
2592815
3717277
2726869
3322795
2967192
2329845
3635033
3886251
3790689
2952683
3551328
2941486
3559681
2747397
2632994
2712645
2860690
3312530
3112579
2642263
3025903
2443610
3400860
3551528
2387299
2338966
3111707
2665588
3588208
2451813
2993609
2319079
4013836
2487710
2712669
2332545
2690906
2371719
3619395
3757413
3109199
2388234
2993611
3881477
2779492
2388456
2683588
2498243
3608332
3962282
3590095
4033601
3688231
2594136
3502786
3181278
3466191
3130253
3060263
2347202
2593451
3732625
3601097
2594542
2335019
3469207
3020311
3775704
2371593
3903340
3434301
3483366
2495135
3995351
3607525
2653909
4012326
3988065
3726974
4091063
2620262
3288118
3589720
2389079
3881482
3936892
3629842
3744527
2419759
2891349
2587337
3761472
2993235
2911215
3495111
3061336
2931412
4013165
3287981
2522472
3386843
2444510
2593753
2875233
3590033
2647989
2685976
2926816
3435384
3888918
2942512
3173888
3232408
3627048
3380718
3725519
2429928
3258456
3048875
3315415
2448889
2914789
2673640
3670637
3990748
2784149
2496548
3078367
2592817
2713650
2517673
3909400
2706338
3258203
3340611
3409154
3459135
3639051
2842121
2395481
3568141
3280944
3877788
2587634
2382379
2902979
2412315
2517680
2867934
3140582
3101504
2440988
3137887
2752024
2505403
2793981
2334100
2802635
3527426
2469228
3011459
3150588
2976774
2963544
3395415
2593421
2618955
2570657
3765598
2595581
3818490
3636537
2770248
3725468
2753581
2957158
3714565
2728216
3376297
3597724
2364447
2587633
3435379
3290041
3944881
4012303
2635199
2387384
3982421
3817505
3402653
2469251
2914809
2816846
2846077
3409152
4050508
3140689
3026633
3419829
2895298
3319876
3936570
3670644
2781753
3387544
3787021
3000385
3092382
3750800
2360405
3633226
3780507
3521553
2781751
2463522
3234722
2866069
3468243
2337011
2634550
2968599
2378952
4038643
3219660
2770438
2379865
3623793
2387313
2333022
2738963
3756210
3354834
3103313
2890643
3715781
3140580
2364287
2766969
3245450
3176774
4018261
2563217
2684863
3363872
3624020
3607538
2588106
3732785
2904147
4023378
3177820
2387240
2888702
3401824
3545527
3909412
3900476
3200990
2833764
3744532
3642154
3073098
2334663
2487443
2430959
3319955
2593449
2315306
3532327
2492017
3821052
3715495
2882905
2749669
2801817
2384389
3172086
3319953
3435431
2638815
3732784
3875226
3239145
2477864
2776135
2781750
3020352
2796519
3173903
2551794
2333148
2885570
3257384
2544498
2593743
3148634
2390892
4055390
2379898
3570464
3618454
2457868
2515021
3796129
2570673
2335021
3150072
2824303
2655780
2633787
3466323
2803871
3419681
3101505
3750797
3463068
3023451
3628477
3214675
3137735
2320694
3744468
3607739
3818525
3136185
2404833
3239168
3584636
2515014
3750831
2495814
3006873
2756365
3293541
3348121
3837791
3561589
2520018
2958332
2588107
3591716
3354835
3956054
2752484
3054032
2742942
3759542
2742944
3469210
3060415
3365788
2962118
3607536
3429877
4015704
3858869
3204930
2634545
3761462
2478587
3260606
4021529
3623175
2496547
3077889
2428499
3728978
3142529
3082213
2449579
2413092
3407201
3953237
2449589
2459911
2593430
2577748
3454235
2891354
3845371
2330785
3988846
2902411
2429348
3280937
3315017
2725400
3254346
3474347
2521488
2340330
3623908
3471834
2389029
2898617
2454264
3564541
3092334
2726852
2562120
2519813
3748691
3775862
4050787
3037636
2524696
2719009
2720261
4008541
2991784
3290220
2816073
3962287
2387197
4012306
3616346
2673030
3502787
2815922
2379914
3415958
3072057
3061874
2474334
3896204
2665583
2858151
3781466
2521491
3551533
3845915
4012339
3407072
2773063
3538728
2766437
3409159
3023087
2999627
2340344
3077885
2746310
2333023
2443608
2379907
2315291
3656919
3566668
2412121
3461246
2522528
3226615
2366138
4012312
2451214
3062033
3210112
2333144
3435406
3140237
2582566
2703258
2708753
2673877
3650520
4016586
3927932
3018541
3445691
3238513
3041566
2521524
3107625
3449880
3000371
3060316
3072060
2870772
3006903
3970589
3140578
2876594
3468246
2515384
2517415
3047980
2945498
2723192
2444514
2315309
2411231
2463117
2741032
3161128
3409161
3909424
2996178
3232409
3136893
3461218
4021515
2871182
2340334
2474406
3104338
3461885
2351085
2623012
2899200
2902641
2712641
2650252
3532419
2593447
2648006
3761469
2519170
3662065
3031473
3744531
3692525
2798933
3822349
3717279
3072025
2479834
3590404
3591726
3097172
2390542
2821239
3753528
2649968
4008543
3011458
3327908
3808891
2784142
3248318
3021131
2522018
2517685
3011549
2938071
2450373
2908436
2404825
3459151
3692522
3894527
2835355
3466312
3725521
3629175
3803133
3389983
3916553
2728213
2978743
2589172
3466308
2657669
3607724
3608331
2339519
2520022
3287941
3881487
3612752
3732627
2449594
2798926
2495816
3462832
3756220
2492374
3808897
2520021
2387276
2993651
3245434
2993221
2571900
2845219
2725410
3045454
2507967
3042006
2914093
2716863
4017815
2571467
2718147
3904570
4002823
2489181
2972198
2382371
2519318
2434047
3516542
2647751
3086039
2378944
3584633
3322801
2564892
2374412
2331181
3502592
2478965
3607716
2699433
3314044
3376301
3114848
2556754
2331712
3103514
2857623
3400873
2396527
3601062
4030607
2365149
2938266
3859357
2781758
3114850
2779494
2683586
3803129
2387371
2469278
3435387
3833764
2594101
2873846
2709497
2753468
3431558
2786340
2603495
3283411
3868195
2425064
2728204
3150711
2554489
3103287
3748325
3621008
3582610
3559350
2992592
3426282
2712675
3761128
4019555
3111705
3287237
3434367
3020307
3558449
2634575
2902976
2635198
2684861
3497850
2921357
2782579
3516906
2652705
3537790
3137890
3590063
3952055
2702440
3972932
2914783
2740062
3903508
2510802
2916930
3461917
3103295
2911210
2638218
3723589
4008075
3590034
2753520
2449569
2442904
3541157
3659955
3102934
3516071
2506214
3532420
3354818
3469200
2468935
3419739
2908194
3005171
2840658
3830537
2752735
2494578
2340335
3312524
2709499
3002598
3023331
3322785
3791283
2681129
3682140
2875226
2358156
3109196
2913732
2859656
3312500
3092405
3204938
3744534
3435382
3062956
3796417
3160431
2700767
3056685
3830542
3397884
3719709
3461903
3776516
3242585
2842565
2867891
2839693
2420261
3401245
3635844
3593590
2999661
2590800
3189960
2544579
3200986
3607732
4017530
2410248
2647257
3178592
2943465
2502804
2960829
3078392
3319872
2454276
3580960
3432266
3577101
3147644
3009556
3247741
3808862
3106251
2515394
2355376
3657388
2516037
3764474
2855713
3763624
3536152
3458318
3529244
3249915
4019587
3927988
2950027
2429978
3537795
3679672
3376284
2709493
2573088
2571137
3775706
3073643
2894721
3341090
3371988
2867888
3607725
2993650
3245145
3521509
4002810
2502836
2341671
3598728
2442151
3800074
2585263
4051372
2540221
3022823
2569926
3589730
3073717
3275732
3296096
2610248
3394071
2753591
3065652
2844247
3550608
2595455
2386592
2594540
2867951
2338902
2363430
3945551
2927449
4006769
3603447
3362353
3151540
3483363
2500266
2855510
3173902
3387546
2679799
2454576
2647747
3827166
2380061
3479920
3850780
2899252
3510533
2875231
4055386
3765630
3173900
2570667
3022821
2371587
3827564
3440618
3367328
2750974
2575937
2804035
2891357
3405551
3410921
2506346
2587678
2593428
3387543
3356031
3850142
2740020
3353748
3790734
2659573
2766898
2411068
2477341
2770367
3434305
3803392
3923414
2796525
2491297
3889098
2501420
3782661
3348872
3104332
2841285
2380067
2633651
2818956
2442156
2633195
3375952
2351089
2841295
2814188
4032770
3756197
3469198
3248308
3023463
2650235
2914785
2409812
2395574
2582240
2830659
3565599
2752747
2319082
3603441
2371108
2707001
2593433
3743808
2517684
2944031
3936573
3407195
3307698
2989578
3589735
3828217
3318017
3529243
2589254
2403572
3414361
2798415
3312507
4039033
3319861
3174970
3429867
2495820
2387206
2976779
3814254
3518173
2942985
3639049
3485079
3699589
2589154
3147197
3483370
3020583
3309940
3522633
2996179
2841913
3023473
2411066
3424196
3795950
2371107
2577927
2557283
2681139
3988817
3124395
3756221
3263764
2517669
2412330
3380710
2479274
3584572
3636148
2867889
3260597
2843639
3065672
2711665
3803430
2657705
2870840
3074370
2454015
4038558
3001018
2796039
2633636
3717258
3004784
3107642
3572464
2924578
3532421
2700590
2357777
2640882
3424195
3639048
2588350
3709747
2838616
2975671
3407206
2569980
2402467
3577098
3113480
3483122
2429944
3593695
3070939
2654116
2604265
3756223
2333916
2911457
2333151
2888244
3818518
3091776
3812451
2621704
3364728
3624025
2766907
3587468
2645291
2903599
2843636
2341674
2838173
3441962
3780502
2802394
3607569
2449598
2766662
2389804
2981978
2913760
2522184
2504963
2914089
3508386
3810477
2437137
3821021
3603958
2576561
3333395
2555668
3618348
2622977
3607539
3003333
3204696
3687316
3073663
2886841
2898564
2899758
2531608
3201458
2594969
3992282
2446032
3716701
2900053
2842587
3023491
3518440
2894703
3538489
3603452
2911456
2595589
4012317
3721932
3394368
2665586
3383191
3649360
2753559
2864034
3770637
2455704
2647980
3750830
3474119
3561348
2428507
2402471
2574381
3662240
3020553
2495809
2824884
2737263
2704272
2951704
3588340
3758161
2902963
2428193
3278067
3318022
2371128
3474952
3200988
3570055
3407152
3447869
3712108
2590754
3783889
3364729
3089386
3023509
3639038
3214405
3936560
2405294
2477859
2657674
2442901
3619522
3173426
3754764
2844229
2610247
2962141
3322788
3459157
3417149
3197331
3104333
3023334
3787024
2700233
2672993
2997393
3282225
2974048
3765631
3750824
2444498
2704292
3736308
2931317
4012352
2610245
2673036
3443796
2577747
2950801
2436117
2566506
2738919
2894704
3895595
2571994
2624106
2625358
2539880
3441963
2494503
3179365
3151567
2724493
2952688
3353760
2454272
2577769
3256127
3577091
3822828
2864267
3001022
4012344
3471268
3683032
3164299
3703893
2463630
3959225
2728215
3682146
3713482
2926817
3091777
2594973
3573005
3011550
3354811
3988845
4009312
2478580
3922737
2695971
3563437
2525376
2448042
2876925
3604749
2949060
3710059
2958335
3002414
3505685
3984770
3258204
3779714
3407215
2664464
2595718
2647250
2657706
2570634
2364217
2516041
2630316
2711668
3590391
3212296
2992929
3988893
2334107
2379918
2860681
3576553
2593294
2935592
3243259
2668107
3485080
3413307
2402464
3011016
3754612
3365432
2351152
3619953
3409167
3728982
2788747
3022824
3726971
2569945
2926826
3507711
2590230
3030354
3478478
3799513
3614446
2899219
2657708
3953219
2555588
2334114
3808866
2901213
2753519
2692629
3550404
2468700
3627045
3107628
3255508
3740230
3390576
3301023
3567480
2926821
3066446
3803145
3218072
3674262
3258959
3395557
3013978
3986950
3020814
2867880
2684923
2866269
3888159
2946221
2623044
3407216
4041139
3764763
2728243
3417347
2550988
3377427
2838205
3565693
2329836
3001017
2415972
2413467
2974041
3839376
2853812
2456777
3624034
2518237
3319975
2877944
2860696
3233194
2471320
3048215
3012781
3003324
3440218
3788876
3531583
3584622
3826444
4040076
3587469
2867919
3392288
2477867
2411238
2697922
2668105
3778298
3461219
3041328
3668094
3020530
3238485
2593423
2647249
3456813
2877955
2594100
2656779
2740227
2953120
3881483
3070666
2612275
3447368
3150685
2493541
3290058
2517741
3821044
2463649
2489435
3142523
3041440
2870926
3211358
3936559
3935247
3566669
4037707
2654347
2685977
3615345
2779839
2923690
4041538
2394590
3287296
4017532
2522588
3623064
2690923
2657616
3781461
3758169
3336270
2593448
4013437
2766981
2659512
2784148
3839386
3387074
2958674
3173254
2594193
2650227
4056145
3764743
2998804
2649942
3032093
2875215
3881462
2900052
2625624
3375962
4012316
3607522
2336193
2532604
3278203
3970188
2593419
3450874
2549343
2517039
2914097
3300604
2650564
3843827
3166848
3287454
3394185
3001065
2389984
3041427
3262506
3011539
2968401
2609624
2358779
3145578
3607192
2844233
3001019
3789774
3153315
3896206
3014141
2523171
4012322
3879364
3829795
2713214
3601100
3150616
3982780
3002416
2387366
3725470
3788315
2325790
3345118
3474354
2468699
3572470
2624081
3919140
2569988
3447697
2595590
3929809
2430945
2514565
3598423
2371095
3401812
3201409
3880836
2899174
3258916
2460327
3072471
2992930
2823433
2364258
4040598
2387266
2582533
3508387
3394184
2738964
2841916
2676189
3394968
3474126
3185536
3910802
3607736
3364002
4052898
3293304
3387489
2515996
2779488
2781764
2566554
2753529
2522613
2826383
2420256
3309295
3348106
3910800
2550842
3333095
3476069
2754002
3824389
4021532
3440633
2712654
2666250
3544841
2337014
2647779
2333691
2838678
3721936
3367373
2986845
2415998
2901928
2334118
3747004
3107638
3144829
3654255
2650229
3685046
3789990
3532343
2468541
3394162
3281643
3092127
2556757
3018659
3490679
2653919
3100475
3017161
2380077
2339750
2564326
2871244
3898481
3466325
3353837
3909418
2947951
3065529
3169337
2553347
2358166
2522188
3518532
2894671
3023460
2519194
4013166
3401668
3742078
3365793
2476325
2798410
2633192
3721939
2590198
2430917
2726162
2360042
2590784
2777289
3590089
2462138
4000381
3750812
2700586
2705172
3750244
3148813
2742416
3496381
3238498
3322797
2351154
3800363
3996960
3865576
2477861
3896209
2867699
2482260
3732629
3757408
2541951
2700588
2923087
3023443
3698280
2448892
3756207
3511512
2936901
2387264
3888168
3278064
2690903
2351170
3173898
3071779
3781457
2620260
4004051
2902975
3618343
2633941
3828179
3822832
2981759
3881491
2711667
2396525
2405372
3319976
3066458
2475646
3438044
2511957
2802516
3268525
3768283
2336567
3020876
2417559
3598744
2631888
2569981
2487452
2429920
3800349
2829311
4027825
2475744
3756218
2692312
2450868
4012301
2376669
2690646
3378284
2450403
2922410
2474332
3899455
2494504
2452693
2610252
3322800
2415090
3020310
3459037
2860907
2448041
2485781
2961307
3883461
3348754
3419846
2693215
2445022
3936569
3281672
2633635
2841296
3175085
2805278
3106252
3340205
3487454
3327935
3091568
2319377
2753444
2894723
3400867
2726841
2571474
3400866
3980072
2642269
2616185
3689896
3914611
3723590
2830652
4009328
3418285
3185539
3003317
3726947
3742073
3363981
2647965
2328501
2479759
2643945
2914781
2946281
2519793
3868198
3757409
2767020
2767507
3376298
3856796
3903300
3628925
3881492
2796539
2506355
3839367
4014439
3946589
2570637
3884353
2454457
3624022
2321725
2558767
3072465
3934871
2633526
3929802
3584613
2351144
2754606
3845264
3107926
3168533
2846188
3353754
3818080
3129991
3275759
3407185
2948561
2413094
2936911
2700202
2943785
2749629
3447358
3808865
2327487
3538731
3760643
2712664
2430948
3137729
2601068
3048970
2444801
3662064
3716780
3750446
3197340
2685918
3160111
3587476
3008150
2783742
2691580
3756199
2591953
2421817
3755331
3003000
3364001
3296076
2769992
3865811
3781494
2351163
3002605
2363435
2922327
2379864
2838626
2754642
2811682
3303707
2700231
3623433
3348902
3498806
4041137
3935246
3037958
2845278
3903341
2915386
2444800
2493602
2728195
3245195
4050789
3045432
2440008
2418951
2999306
2365139
3340391
3565694
3929800
2586850
2650247
4021530
2898829
2654010
3680216
3929950
2479824
3239180
3721481
3363873
3726968
3593166
3304720
3961648
3877397
3173901
2744300
2898819
2588348
3775861
2974047
2770244
3107633
2962174
3530597
2844243
3537986
2716854
3510383
2655185
2566527
2434082
3775855
2448888
3866347
2796540
2805188
2706801
2590786
4023943
2655778
2652690
2796543
2321694
3721961
2918081
3717428
2456631
3445030
2726842
2640884
2425128
2931447
3986952
3446899
2623835
2695589
2598330
3048962
3563377
2524644
2736305
2589230
3132033
3407205
3904577
2886153
2664469
3565684
2754626
2516015
3023458
2829551
4015699
3553650
3333717
3904571
2826382
2866071
2931046
2594123
2899172
2649957
2456905
3140983
2959277
3202179
3300689
3256317
3961409
2860904
3230337
2743009
2451358
2888711
2713683
3023325
3940696
3400852
2454780
3418620
2462515
2909415
3903303
4012348
2647915
3348120
3849776
2866070
3757658
3590074
3237001
2997407
3929788
3026347
3336264
3639042
3023512
3531514
2319782
3490814
3273608
3922364
2593420
3092626
2974072
3876208
2571393
3448989
3639035
3257369
3636149
3319849
3485869
2800498
2520001
2463573
4013439
2340342
3048965
3945556
2519800
3387486
3070916
3062025
2622362
2841271
3014000
2635196
3538491
2594591
3726392
2797676
2335025
3151573
3718739
3635930
2413468
2333010
3453011
2650242
2728200
3148619
3502773
2570628
2913699
2679302
3769902
2570669
3025980
3400876
2891347
2378954
4009321
3023336
3226513
3072476
3145013
3828215
3109194
3664954
2647911
2351149
2479753
3353762
3501100
3926076
3376300
3761014
2539793
3030357
3033750
3163144
3636155
3759548
3737984
2972199
3263773
2651961
2524715
3986857
3803135
2951167
2736303
3204258
3106247
2491647
2675269
2544173
3698283
3086224
3765942
3075816
2684914
2657723
3041434
2899517
3982763
2875430
3494511
3159782
2411256
3429876
2545660
2532041
3382954
2517040
4021535
3401807
3487126
2624649
2784154
2351165
3435420
2519196
3022822
3042824
3204711
3056081
3649297
2753566
2550992
3177818
2366139
3751301
2740027
4014644
3607553
3325691
3053922
3839749
3174983
3026761
3879311
3598741
3516538
2830660
3812477
2673104
3066447
2514579
3184569
3744282
3576824
3111708
3709487
2325785
3417353
3474950
2974022
3502775
3685350
3407140
2570663
4020040
2319785
2931414
3091564
3082306
3672463
3590092
3594147
2547400
3639052
2938272
3250408
2706998
2610322
2451049
2650256
2411237
2371104
2913320
3074541
3151966
3701408
2824294
2885198
3290788
3474364
3510387
2502332
3538486
3299180
2630317
3081614
2554487
2478579
3147253
3440627
3397887
2921359
3601116
3006916
3425145
3029240
3514863
4005338
2463867
2633522
2719015
3848114
3160797
3790792
2515027
3423625
2693174
2830651
3544470
3976581
3073097
2360921
3450799
3538326
2991126
3151575
3070914
3419819
2614100
4017189
3396805
3593170
2577746
2780209
3953244
3047988
2951088
3214704
2472930
2593105
2519173
2366603
2429931
3808894
2870830
3240018
3622398
2574805
3012596
3456811
3461890
3435415
2676198
3590051
2843193
2567268
3299237
3365794
2799111
2813422
2652686
3577092
3983343
2411260
2922585
2331179
3918793
3164238
3717424
2779827
2319781
3816873
3449003
2657668
3597854
2792350
2844235
3857317
2694158
2749623
3510477
3564262
2780105
2588329
3415883
2650244
2785123
3129161
3454239
3151638
2456970
3899453
3020321
3403036
3518172
3742072
2747404
3497848
2913753
3487449
2495244
3996951
2544632
3199611
2378955
2487654
2340331
2875460
3535417
2753999
2654106
3461129
3258188
3457721
3814039
2720799
2364285
3384748
2681123
2801556
3454247
3794558
3653088
3407192
3098460
3341036
3092360
3476332
3203754
3206575
2336201
3421723
3125778
2930883
2898668
3150672
2611176
2430799
3005105
3296074
2593367
2743666
3413296
3456848
2492223
2333028
2422364
3725478
3306070
2864037
2428516
2676195
3591052
3628940
2708755
2802655
2468850
3495112
3834142
3383186
2953194
2902983
2720273
2517618
2375888
3136296
3129163
2568736
2766633
3911810
2902969
2913566
3081591
2517033
3061006
2575930
2334134
3924285
2562122
3188250
3875215
3195991
2786068
2553127
2975669
3516537
3185629
2654121
2993649
3570056
3060412
2417534
2865016
3023478
2527875
3002413
3431436
3884287
3319977
3636410
3754575
2951085
3932271
2335069
2741790
3422838
2625580
2844214
3945624
4020036
3284025
3319965
2842597
3892930
2443611
2925990
2378969
3713481
2449600
3489721
2801545
3701215
3590036
3790736
3384002
2520023
2425062
3821042
3347636
3312526
3363986
3750817
3667977
2432778
2888706
3975258
4010396
2438749
3649058
3570051
3245386
3810496
3447357
2946198
2387237
3804210
2603471
3633240
3927130
3781092
2474002
2387218
3322794
3256311
2958372
2587983
3287472
3239075
2806269
3826983
3483119
3403528
3248303
3214699
3818521
3401247
4044217
2712652
3141510
2902986
3789773
2520325
3189959
2517437
3851989
2760659
3548210
2838684
3402576
2724506
3023326
3890937
3095023
2894722
2587625
3463542
3447733
2841286
2593415
2510910
3787017
3961631
2690922
2690924
2939519
3197413
3111716
3620370
3435367
2675868
2346911
3155644
4002831
2456975
3238481
3102950
2594102
3983344
3788890
3505687
2596252
2522152
3590040
2731842
3290217
2571471
3197658
2638801
2570677
3389436
3821041
3686749
3258199
2647991
3790509
3627378
2408248
2909035
3060261
2381046
2815871
3636746
3888161
3172103
2825571
2771787
2884465
2356473
2529507
3401819
3808864
4013835
2839691
2683593
3613881
2784146
3538716
3214310
3386853
2590798
3635870
2520259
2993615
3245219
3441968
3030526
3474138
2739302
2881416
3953247
3060317
4020518
2386590
2403552
3091791
3048917
3449881
2338603
2955725
3440623
2711673
3764724
2659337
3172895
3451328
3498564
3544048
3371737
3234425
2430946
3563821
